# Paper Outline
a
ce
0,0
5.0
0
90
l
1,5.0
0,0
5.0,1
a
ce
0,279.4
5.0
270
0
l
5.0,278.4
0,279.4
1,274.4
a
ce
431.8,279.4
5.0
180
270
l
430.8,274.4
431.8,279.4
426.8,278.4
a
ce
431.8,0
5.0
90
180
l
426.8,1
431.8,0
430.8,5.0
k
# Sheet 1:
# leg center
ci
12.9,25.0
.2
12.9,25.0
11.0
# flat baffle support centers
102.9,25.0
.2
102.9,25.0
11.0
282.9,25.0
.2
282.9,25.0
11.0
# exit gate corners
l
137.9,0
137.9,51.0
247.9,51.0
247.9,0
l
360.0,279.4
360.0,0
# stairs
ci
12.9,87.0
.2
12.9,87.0
11.0
192.9,87.0
.2
192.9,87.0
11.0
38.6,112.7
.2
38.6,112.7
11.0
218.6,112.7
.2
218.6,112.7
11.0
64.3,138.4
.2
64.3,138.4
11.0
244.3,138.4
.2
244.3,138.4
11.0
90.0,164.1
.2
90.0,164.1
11.0
270.0,164.1
.2
270.0,164.1
11.0
115.8,189.9
.2
115.8,189.9
11.0
295.8,189.9
.2
295.8,189.9
11.0
141.5,215.6
.2
141.5,215.6
11.0
321.5,215.6
.2
321.5,215.6
11.0
167.2,241.3
.2
167.2,241.3
11.0
347.2,241.3
.2
347.2,241.3
11.0
192.9,267.0
.2
192.9,267.0
11.0
12.9,267.0
.2
12.9,267.0
11.0
# Sheet 2:
# stairs
ci
218.6,13.3
.2
218.6,13.3
11.0
38.6,13.3
.2
38.6,13.3
11.0
244.3,39.0
.2
244.3,39.0
11.0
64.3,39.0
.2
64.3,39.0
11.0
270.0,64.7
.2
270.0,64.7
11.0
90.0,64.7
.2
90.0,64.7
11.0
295.8,90.5
.2
295.8,90.5
11.0
115.8,90.5
.2
115.8,90.5
11.0
321.5,116.2
.2
321.5,116.2
11.0
141.5,116.2
.2
141.5,116.2
11.0
347.2,141.9
.2
347.2,141.9
11.0
167.2,141.9
.2
167.2,141.9
11.0
12.9,167.6
.2
12.9,167.6
11.0
192.9,167.6
.2
192.9,167.6
11.0
# topmost edge
l
0.0,196.6
360.0,196.6
360.0,0
k
